<?xml version="1.0"?>
<opencv_storage>
<calibration_Time>"Tue Jan 27 21:07:22 2015"</calibration_Time>
<nrOfFrames>17</nrOfFrames>
<image_Width>640</image_Width>
<image_Height>480</image_Height>
<board_Width>9</board_Width>
<board_Height>6</board_Height>
<square_Size>9.4999998807907104e-01</square_Size>
<!-- flags:  +zero_tangent_dist -->
<flagValue>8</flagValue>
<Camera_Matrix type_id="opencv-matrix">
  <rows>3</rows>
  <cols>3</cols>
  <dt>d</dt>
  <data>
    6.8219394233943501e+02 0. 2.9525452111468047e+02 0.
    6.8172599355501848e+02 2.3916068185365796e+02 0. 0. 1.</data></Camera_Matrix>
<Distortion_Coefficients type_id="opencv-matrix">
  <rows>5</rows>
  <cols>1</cols>
  <dt>d</dt>
  <data>
    4.1136715840249249e-01 -2.9129146695763457e+00 0. 0.
    9.4898247997543734e+00</data></Distortion_Coefficients>
<Avg_Reprojection_Error>1.5573140601463195e-01</Avg_Reprojection_Error>
<Per_View_Reprojection_Errors type_id="opencv-matrix">
  <rows>17</rows>
  <cols>1</cols>
  <dt>f</dt>
  <data>
    1.23705857e-01 1.24478668e-01 1.16961211e-01 1.80143788e-01
    1.38174042e-01 1.26181141e-01 1.42326772e-01 1.72569007e-01
    2.28772968e-01 1.27583504e-01 1.69041350e-01 1.44618466e-01
    1.32451922e-01 1.58005044e-01 1.85617313e-01 1.56695858e-01
    1.75178513e-01</data></Per_View_Reprojection_Errors>
<!-- a set of 6-tuples (rotation vector + translation vector) for each view -->
<Extrinsic_Parameters type_id="opencv-matrix">
  <rows>17</rows>
  <cols>6</cols>
  <dt>d</dt>
  <data>
    1.5822580321049048e-01 1.2952261095323248e-01 9.0077642231898167e-02
    -3.6222304409043566e+00 -3.1520189495253694e+00
    1.9253350421162970e+01 4.4705483373034050e-01
    -1.2294685470149516e-02 3.2359660588721456e-01
    -2.5365721676961819e+00 -3.1074080924178333e+00
    1.7287449125019322e+01 3.4683776586575549e-01 2.3569070163664534e-02
    -3.4836771561847352e-01 -5.5458373330559363e+00
    -1.1910565879501358e+00 1.8556303499531356e+01
    7.0533487706915576e-01 -2.5464893534660701e-03
    -1.2632390042974995e-01 -3.5736761958086984e+00
    -1.3843939397903213e+00 1.7832122626936254e+01
    -3.7531913567858716e-01 2.6436992908108659e-01
    1.2529252683509584e-01 -3.1154624264959536e+00
    -3.7196448294839244e+00 1.9803071197535719e+01
    -4.0755031609020559e-01 1.1485962108757328e-02
    1.8711973872197232e-01 -2.2302861247406929e+00
    -2.9936741832007749e+00 1.7062905031073850e+01
    1.0911899762099901e-01 2.0611222504854237e-02
    -2.1729276680596629e-01 -3.4848935010583872e+00
    -2.0179806718392701e+00 1.5828373306050029e+01
    4.1180066266104315e-01 5.0727088436248591e-01 4.0958902855623050e-02
    -4.2742094885511612e+00 -2.7770838503176871e+00
    1.9004171748151247e+01 7.9552361429022089e-01
    -9.5902925226658839e-04 -9.4364827133665466e-02
    -3.6134515239542382e+00 -1.6453337197174664e+00
    1.3326044021401726e+01 5.3242821094550186e-01 4.5137075833894903e-02
    1.5526070417789270e-01 -3.6049972360455955e+00
    -2.4081521317462693e+00 1.8041813300633660e+01
    6.8915361978708756e-01 4.9563130869403373e-02 3.3742892338120528e-01
    -3.1756358001268365e+00 -3.1987087278541115e+00
    1.4795961278491319e+01 4.3941237055445087e-01 1.2606057639745499e-01
    -3.6152776693268202e-01 -4.3422257518212968e+00
    -1.5700834469265301e-01 1.7285766775058136e+01
    4.4754230406002787e-01 -2.2495984956128021e-02
    5.2685650414045282e-01 -2.0826591350132349e+00
    -3.2730656161847640e+00 1.6897345059633327e+01
    5.4214746201398423e-01 1.5402238919059999e-01 1.0209925086788550e-01
    -2.4969010313197444e+00 -3.2616722651452550e+00
    1.5201171119072544e+01 5.7494982421320151e-01 3.4322796132602890e-01
    1.4840268730433504e-02 -5.1506096410623874e+00
    -3.4138213146605465e+00 1.9228535419925151e+01
    6.4112577277365668e-01 1.0900951304474381e-01
    -3.4181684747257246e-01 -4.2599529972947581e+00
    -1.3219082758167315e+00 1.6191515424578963e+01
    -6.6267167187514275e-01 8.9910219051092949e-02
    5.0305301020526438e-02 -3.0307629848209277e+00
    -1.8622674242718855e+00 1.7692207426250977e+01</data></Extrinsic_Parameters>
