<?xml version="1.0"?>
<opencv_storage>
<calibration_Time>"Sun Jan 11 15:40:09 2015"</calibration_Time>
<nrOfFrames>17</nrOfFrames>
<image_Width>640</image_Width>
<image_Height>480</image_Height>
<board_Width>9</board_Width>
<board_Height>6</board_Height>
<square_Size>24.</square_Size>
<flagValue>0</flagValue>
<Camera_Matrix type_id="opencv-matrix">
  <rows>3</rows>
  <cols>3</cols>
  <dt>d</dt>
  <data>
    6.8528812943517619e+02 0. 2.9551235784747848e+02 0.
    6.8391600603485631e+02 2.3636886177622225e+02 0. 0. 1.</data></Camera_Matrix>
<Distortion_Coefficients type_id="opencv-matrix">
  <rows>5</rows>
  <cols>1</cols>
  <dt>d</dt>
  <data>
    4.0184945437728703e-01 -2.5781661558421423e+00
    -3.3610088866654762e-03 6.7977161803956356e-04
    7.6132212850198906e+00</data></Distortion_Coefficients>
<Avg_Reprojection_Error>1.5061699011473362e-01</Avg_Reprojection_Error>
<Per_View_Reprojection_Errors type_id="opencv-matrix">
  <rows>17</rows>
  <cols>1</cols>
  <dt>f</dt>
  <data>
    1.32402062e-01 1.80020437e-01 1.51223272e-01 1.48581967e-01
    1.93117425e-01 1.23438329e-01 1.90833524e-01 1.15178414e-01
    1.27906680e-01 1.14014760e-01 1.29340500e-01 1.42178565e-01
    1.47319332e-01 1.66906878e-01 1.71778455e-01 1.43152177e-01
    1.50635481e-01</data></Per_View_Reprojection_Errors>
<!-- a set of 6-tuples (rotation vector + translation vector) for each view -->
<Extrinsic_Parameters type_id="opencv-matrix">
  <rows>17</rows>
  <cols>6</cols>
  <dt>d</dt>
  <data>
    -3.8636686826439687e-01 1.4258040015895045e-02
    2.3700838247225485e-02 -9.5456674154925182e+01
    -5.0912921758949977e+01 4.4414626329458042e+02
    -4.0523201362188049e-01 1.6082680321507553e-01
    4.3513139725229716e-01 -5.8059254425789632e+01
    -1.0227537635093672e+02 4.7050463173084080e+02
    -5.5789573174343299e-01 -4.7567121570565966e-02
    -1.9418892664424853e-01 -8.2849901774009211e+01
    -2.5001900668538848e+01 4.4515989901802243e+02
    -6.0589679711770472e-01 -3.1668725836478950e-01
    -1.4035014944515470e-01 -8.9308391839533229e+01
    -5.1388306833770862e+01 3.6547249808638230e+02
    -5.1937964234267975e-01 2.3402922623216113e-01
    3.9711751411369034e-01 -4.8498118604385276e+01
    -8.6457107752995327e+01 4.1714806051134542e+02
    -1.3595198060048917e-02 3.1062162222875894e-01
    -1.8004498323296944e-01 -9.8502275424740219e+01
    -3.6613775860132350e+01 4.1680895669028638e+02
    -1.8299557874734867e-03 -1.0496151828492678e-01
    2.7214450659736655e-01 -7.1933915789192795e+01
    -7.8844653091919426e+01 3.8122158903024189e+02
    -2.6630691064909423e-01 -1.6215680144407326e-02
    4.2026811548059811e-01 -4.1107896152852767e+01
    -1.0109001372550424e+02 4.8296091971773825e+02
    -7.9516538799387892e-01 9.2294277275270356e-02
    3.6186305191830428e-02 -6.4710381673404413e+01
    -1.2940877710775124e+01 5.1356842167542743e+02
    -7.3826422126233127e-01 2.2722722744514814e-01
    2.9850920606915066e-01 -6.4491709120017902e+01
    -4.4578079529012889e+01 5.2607589505527449e+02
    -4.8477877351262644e-01 -3.9035494776975416e-01
    1.6968429972505034e-01 -4.0111691276656352e+01
    -7.9679448869155067e+01 3.8039945595089165e+02
    -5.4519530275424299e-01 5.6422386956089743e-01
    9.0191543769080146e-02 -7.4964170600310112e+01
    -4.3994460752967477e+01 4.3798919088871861e+02
    -1.3640175926668596e-01 4.3763826392027766e-01
    2.2620166525421304e-02 -1.0095428702699540e+02
    -5.9664931524756554e+01 3.8423461772229223e+02
    -2.0253370680306709e-01 8.8937209058045349e-02
    3.3710684782639298e-02 -9.0801096575579592e+01
    -6.5550305498895980e+01 3.3685571012822084e+02
    -6.8466525938201184e-01 1.0491147518129185e-01
    1.3834407826823958e-02 -8.6742744909407804e+01
    -4.3943619037793489e+01 4.0694602019254546e+02
    -3.8152910258052508e-01 -2.3738703040653550e-01
    1.4809665927660684e-01 -6.3912011396351659e+01
    -7.8504498681577175e+01 3.3818195099528702e+02
    -6.6213937747025098e-01 1.8414859604158682e-01
    1.8504947238400968e-01 -8.3977945719545716e+01
    -5.2027964766044953e+01 4.2960411704392169e+02</data></Extrinsic_Parameters>
