<?xml version="1.0"?>
<opencv_storage>
<calibration_Time>"Sun Jan 11 15:17:23 2015"</calibration_Time>
<nrOfFrames>16</nrOfFrames>
<image_Width>640</image_Width>
<image_Height>480</image_Height>
<board_Width>9</board_Width>
<board_Height>6</board_Height>
<square_Size>25.</square_Size>
<FixAspectRatio>1.</FixAspectRatio>
<!-- flags:  +fix_aspectRatio +fix_principal_point -->
<flagValue>6</flagValue>
<Camera_Matrix type_id="opencv-matrix">
  <rows>3</rows>
  <cols>3</cols>
  <dt>d</dt>
  <data>
    6.8119143653757942e+02 0. 3.1950000000000000e+02 0.
    6.8119143653757942e+02 2.3950000000000000e+02 0. 0. 1.</data></Camera_Matrix>
<Distortion_Coefficients type_id="opencv-matrix">
  <rows>5</rows>
  <cols>1</cols>
  <dt>d</dt>
  <data>
    2.7621785348148115e-01 -9.2319371885306178e-01
    -1.9217395407461633e-03 1.8072120746326765e-02
    1.8186846310656355e+00</data></Distortion_Coefficients>
<Avg_Reprojection_Error>3.2721749472379574e-01</Avg_Reprojection_Error>
<Per_View_Reprojection_Errors type_id="opencv-matrix">
  <rows>16</rows>
  <cols>1</cols>
  <dt>f</dt>
  <data>
    2.62222409e-01 3.03336918e-01 2.20600158e-01 3.85248333e-01
    4.07477558e-01 3.51283312e-01 3.53327483e-01 2.39571318e-01
    2.78512567e-01 2.22481817e-01 2.53210455e-01 5.71922541e-01
    3.00484687e-01 2.75970906e-01 2.38181874e-01 3.77032459e-01</data></Per_View_Reprojection_Errors>
<!-- a set of 6-tuples (rotation vector + translation vector) for each view -->
<Extrinsic_Parameters type_id="opencv-matrix">
  <rows>16</rows>
  <cols>6</cols>
  <dt>d</dt>
  <data>
    -4.5211803951950258e-01 3.5868773314903768e-01
    1.0067404458976273e-01 -9.7684633991753486e+01
    -7.5770004432794494e+01 3.9048415969754171e+02
    -3.8343133186112660e-01 -1.2870023590105850e-01
    -1.1184510119119388e-02 -1.0635689759333935e+02
    -7.8816037207794849e+01 3.4629227088540279e+02
    -2.9982459550059748e-01 3.3888147149541371e-03
    -7.9037721063615229e-02 -1.2067763172018806e+02
    -4.7878583897881697e+01 4.6606581833130957e+02
    1.1167858207940251e-01 2.0766007664975145e-01
    -8.9396675162479108e-02 -1.3362192788837777e+02
    -6.2586799980550659e+01 3.9149830619877736e+02
    2.6590023744078629e-02 -1.9787126676593372e-01
    1.1087538877002177e-01 -1.0808682394221634e+02
    -7.7554951215661035e+01 3.6599081898967808e+02
    8.2205129726745527e-02 -4.4972129273657846e-02
    -3.2744402063634083e-02 -1.2829598465096291e+02
    -6.3878331640377681e+01 3.8141553916747671e+02
    -8.1449567816557533e-01 -2.8910372666245482e-01
    -2.1400687264764448e-01 -1.1763212631594065e+02
    -5.4104877198086598e+01 3.4020182880272517e+02
    -4.9027549905700585e-01 4.0808303831342174e-01
    4.3585767607821618e-01 -6.5206605054697363e+01
    -9.7619397550931922e+01 4.1380952269459709e+02
    -2.1705473311161819e-01 6.5235196604735840e-02
    6.1641631347272602e-02 -1.2480513262635986e+02
    -8.1554656349562450e+01 5.0034219803307741e+02
    2.2520245390763485e-02 3.5590957743603580e-01 2.1210471560957203e-01
    -1.0553016695047553e+02 -1.0141620613801327e+02
    4.4416119861233517e+02 -1.2205662684251317e-01
    -3.6581158841445238e-01 9.7733364632803549e-02
    -8.2393092282206666e+01 -8.4279001711540047e+01
    3.5244550709238905e+02 5.2701188589527832e-02 1.2265573450607420e-03
    1.6918397972950111e-02 -1.0772880385981220e+02
    -7.5968516157579600e+01 3.4019079621430768e+02
    -3.6197751848489679e-01 1.7893438779750290e-01
    2.8851879059296792e-01 -9.0633023826666360e+01
    -1.0014757894432786e+02 4.0013906444421156e+02
    -3.6705723781815736e-01 -3.6534217696977894e-01
    5.4959306436570342e-02 -9.5882380520843043e+01
    -7.6303814805960144e+01 3.4694878507279105e+02
    -2.4494945407557869e-01 6.1849594465210800e-01
    1.0887918262188540e-02 -1.1713820976823369e+02
    -5.7464137639596458e+01 4.2577619819106661e+02
    6.5966079338902639e-02 3.2714297123262603e-01
    -1.7783417044162356e-01 -1.5306838522809758e+02
    -4.5470932952381759e+01 4.2230807379249558e+02</data></Extrinsic_Parameters>
