<?xml version="1.0"?>
<opencv_storage>
<calibration_Time>"Mon Jan 19 16:05:48 2015"</calibration_Time>
<nrOfFrames>3</nrOfFrames>
<image_Width>640</image_Width>
<image_Height>480</image_Height>
<board_Width>9</board_Width>
<board_Height>6</board_Height>
<square_Size>9.4999998807907104e-01</square_Size>
<flagValue>0</flagValue>
<Camera_Matrix type_id="opencv-matrix">
  <rows>3</rows>
  <cols>3</cols>
  <dt>d</dt>
  <data>
    6.8659653421346252e+02 0. 2.9519840964876227e+02 0.
    6.8328828844125167e+02 2.3150455035720680e+02 0. 0. 1.</data></Camera_Matrix>
<Distortion_Coefficients type_id="opencv-matrix">
  <rows>5</rows>
  <cols>1</cols>
  <dt>d</dt>
  <data>
    4.7974958006462953e-01 -4.0534055955778889e+00
    -4.4723453398888020e-03 7.6890391260580596e-04
    1.5025659643711226e+01</data></Distortion_Coefficients>
<Avg_Reprojection_Error>1.5616856026523640e-01</Avg_Reprojection_Error>
<Per_View_Reprojection_Errors type_id="opencv-matrix">
  <rows>3</rows>
  <cols>1</cols>
  <dt>f</dt>
  <data>
    1.63558483e-01 1.48009181e-01 1.56549543e-01</data></Per_View_Reprojection_Errors>
<!-- a set of 6-tuples (rotation vector + translation vector) for each view -->
<Extrinsic_Parameters type_id="opencv-matrix">
  <rows>3</rows>
  <cols>6</cols>
  <dt>d</dt>
  <data>
    -4.0561479133018458e-01 1.6217015897298290e-01
    4.3492859896878477e-01 -2.2903619289229606e+00
    -3.9283168754042412e+00 1.8676760600422860e+01
    -5.6044967577464933e-01 -4.7168574024106374e-02
    -1.9404465404987686e-01 -3.2715469016181422e+00
    -8.6747991832170324e-01 1.7674512983087293e+01
    -6.0933581181845686e-01 -3.1827935862503864e-01
    -1.3903817886773576e-01 -3.5269080147532912e+00
    -1.9369876035034772e+00 1.4503028041588179e+01</data></Extrinsic_Parameters>
<Image_points type_id="opencv-matrix">
  <rows>3</rows>
  <cols>54</cols>
  <dt>"2f"</dt>
  <data>
    2.09403778e+02 8.49547424e+01 2.40741882e+02 9.70442352e+01
    2.72568604e+02 1.09456627e+02 3.05244446e+02 1.21773170e+02
    3.38399597e+02 1.34401230e+02 3.72796387e+02 1.47117401e+02
    4.08288574e+02 1.60150391e+02 4.44902161e+02 1.73339523e+02
    4.83097412e+02 1.86864395e+02 1.92173889e+02 1.12334885e+02
    2.23955032e+02 1.25029869e+02 2.56172363e+02 1.37902786e+02
    2.88966522e+02 1.50899155e+02 3.22573914e+02 1.63964050e+02
    3.57081604e+02 1.77370026e+02 3.93082703e+02 1.90770767e+02
    4.29996948e+02 2.04972626e+02 4.68536194e+02 2.19394394e+02
    1.74312134e+02 1.40525177e+02 2.06404877e+02 1.53861404e+02
    2.39088913e+02 1.67196396e+02 2.72348328e+02 1.80643341e+02
    3.06165436e+02 1.94411926e+02 3.40984100e+02 2.08349701e+02
    3.77236603e+02 2.22704178e+02 4.14753510e+02 2.37446823e+02
    4.53624481e+02 2.52931061e+02 1.55705505e+02 1.69910065e+02
    1.88210388e+02 1.83595200e+02 2.21364197e+02 1.97444748e+02
    2.55059708e+02 2.11548630e+02 2.89268707e+02 2.25867813e+02
    3.24515381e+02 2.40535446e+02 3.61168457e+02 2.55742081e+02
    3.99087372e+02 2.71497986e+02 4.38510010e+02 2.87920105e+02
    1.36126770e+02 2.00229965e+02 1.69217560e+02 2.14373978e+02
    2.02818161e+02 2.28719040e+02 2.37054398e+02 2.43482101e+02
    2.71776276e+02 2.58470398e+02 3.07509094e+02 2.73930634e+02
    3.44523743e+02 2.90070862e+02 3.82972717e+02 3.06808167e+02
    4.22867218e+02 3.24326447e+02 1.15658966e+02 2.31455948e+02
    1.49288010e+02 2.46322815e+02 1.83314285e+02 2.61349854e+02
    2.18185074e+02 2.76611023e+02 2.53438171e+02 2.92536285e+02
    2.89702515e+02 3.08844727e+02 3.27304047e+02 3.25991272e+02
    3.66181244e+02 3.43646576e+02 4.06685883e+02 3.62241669e+02
    1.66318207e+02 1.97361298e+02 2.04028717e+02 1.91489212e+02
    2.40804199e+02 1.85712418e+02 2.77023529e+02 1.79748367e+02
    3.12585754e+02 1.73973328e+02 3.48339355e+02 1.68012589e+02
    3.83647186e+02 1.61855865e+02 4.19039368e+02 1.55729736e+02
    4.54387390e+02 1.49492462e+02 1.70249496e+02 2.28067688e+02
    2.09071655e+02 2.21921158e+02 2.46817810e+02 2.15687775e+02
    2.83819946e+02 2.09369568e+02 3.20310059e+02 2.03248230e+02
    3.56751617e+02 1.96929169e+02 3.93288361e+02 1.90625778e+02
    4.29567474e+02 1.84254807e+02 4.65782928e+02 1.78041534e+02
    1.74293365e+02 2.60828491e+02 2.14122330e+02 2.53845840e+02
    2.52958054e+02 2.47075394e+02 2.91034546e+02 2.40410950e+02
    3.28449188e+02 2.33999466e+02 3.66021851e+02 2.27441467e+02
    4.03467682e+02 2.20967819e+02 4.40864807e+02 2.14436142e+02
    4.78011322e+02 2.08004898e+02 1.78659134e+02 2.95423706e+02
    2.19481262e+02 2.87820618e+02 2.59315063e+02 2.80731750e+02
    2.98643555e+02 2.73523163e+02 3.37288483e+02 2.66673706e+02
    3.75932037e+02 2.59914398e+02 4.14642914e+02 2.53184296e+02
    4.52999634e+02 2.46451691e+02 4.91177094e+02 2.39933563e+02
    1.83030838e+02 3.32484863e+02 2.25143951e+02 3.24272125e+02
    2.66320496e+02 3.16393524e+02 3.06894196e+02 3.08948822e+02
    3.46796143e+02 3.01650787e+02 3.86641205e+02 2.94476837e+02
    4.26563110e+02 2.87491425e+02 4.66147430e+02 2.80461639e+02
    5.05563354e+02 2.73423676e+02 1.87538895e+02 3.71855652e+02
    2.31022552e+02 3.63107971e+02 2.73493286e+02 3.54705353e+02
    3.15605042e+02 3.46701019e+02 3.56854797e+02 3.38873230e+02
    3.98045044e+02 3.31288116e+02 4.39167114e+02 3.23911804e+02
    4.79976868e+02 3.16488892e+02 5.20703796e+02 3.09241821e+02
    1.24618515e+02 1.38144470e+02 1.71422226e+02 1.38989899e+02
    2.15440964e+02 1.39642624e+02 2.57533478e+02 1.40521011e+02
    2.97696411e+02 1.41102859e+02 3.36110504e+02 1.41390808e+02
    3.73491821e+02 1.41445572e+02 4.09649292e+02 1.41446991e+02
    4.44659180e+02 1.41211349e+02 1.29394501e+02 1.73318710e+02
    1.77453186e+02 1.73491180e+02 2.22925873e+02 1.73534729e+02
    2.66115540e+02 1.73461655e+02 3.06990540e+02 1.73183838e+02
    3.46533905e+02 1.72715714e+02 3.84963440e+02 1.72011673e+02
    4.21876801e+02 1.71548767e+02 4.57892212e+02 1.71027054e+02
    1.34267700e+02 2.11058517e+02 1.83783295e+02 2.10001404e+02
    2.30765076e+02 2.09142410e+02 2.75095001e+02 2.08161087e+02
    3.17205139e+02 2.07144577e+02 3.57793518e+02 2.05902100e+02
    3.97129028e+02 2.04774582e+02 4.35292511e+02 2.03752319e+02
    4.72146912e+02 2.02575150e+02 1.39417755e+02 2.51670990e+02
    1.90869614e+02 2.49447311e+02 2.39085205e+02 2.47282578e+02
    2.84773163e+02 2.45354889e+02 3.28102570e+02 2.43455978e+02
    3.69995972e+02 2.41571671e+02 4.10740326e+02 2.39876556e+02
    4.49758179e+02 2.38142380e+02 4.87604095e+02 2.36556747e+02
    1.44764572e+02 2.95589386e+02 1.98065170e+02 2.91836884e+02
    2.48089249e+02 2.88439362e+02 2.95191803e+02 2.85339233e+02
    3.40029175e+02 2.82442505e+02 3.83320007e+02 2.79832703e+02
    4.25408844e+02 2.77405609e+02 4.65723450e+02 2.74934509e+02
    5.04726624e+02 2.72572937e+02 1.50365845e+02 3.43178375e+02
    2.05656769e+02 3.37728638e+02 2.57435974e+02 3.33089020e+02
    3.06315887e+02 3.28499146e+02 3.53031677e+02 3.24756073e+02
    3.97774872e+02 3.21029755e+02 4.40972015e+02 3.17835632e+02
    4.82625427e+02 3.14239777e+02 5.22898438e+02 3.11400848e+02</data></Image_points>
</opencv_storage>
