<?xml version="1.0"?>
<opencv_storage>
<calibration_Time>"Tue Jan 27 21:39:10 2015"</calibration_Time>
<nrOfFrames>13</nrOfFrames>
<image_Width>640</image_Width>
<image_Height>480</image_Height>
<board_Width>9</board_Width>
<board_Height>6</board_Height>
<square_Size>9.4999998807907104e-01</square_Size>
<flagValue>0</flagValue>
<Camera_Matrix type_id="opencv-matrix">
  <rows>3</rows>
  <cols>3</cols>
  <dt>d</dt>
  <data>
    5.5551215052379825e+02 0. 3.1956678587993792e+02 0.
    5.5565213236044610e+02 2.1537198012773592e+02 0. 0. 1.</data></Camera_Matrix>
<Distortion_Coefficients type_id="opencv-matrix">
  <rows>5</rows>
  <cols>1</cols>
  <dt>d</dt>
  <data>
    4.1576337145686100e-02 -4.4407403858610073e-01
    -6.7777677312493684e-04 -1.4986230979175048e-03
    1.1051097869734439e+00</data></Distortion_Coefficients>
<Avg_Reprojection_Error>1.5740000014191036e-01</Avg_Reprojection_Error>
<Per_View_Reprojection_Errors type_id="opencv-matrix">
  <rows>13</rows>
  <cols>1</cols>
  <dt>f</dt>
  <data>
    1.61006898e-01 1.27312347e-01 1.70845255e-01 1.77338257e-01
    1.77686378e-01 1.46080628e-01 1.35410532e-01 1.63566053e-01
    1.23870581e-01 1.65109441e-01 2.01542988e-01 1.44674942e-01
    1.30942479e-01</data></Per_View_Reprojection_Errors>
<!-- a set of 6-tuples (rotation vector + translation vector) for each view -->
<Extrinsic_Parameters type_id="opencv-matrix">
  <rows>13</rows>
  <cols>6</cols>
  <dt>d</dt>
  <data>
    -2.7927891910916158e-01 -6.2111648040468215e-01
    -3.0344108924145212e+00 2.5936838100752944e+00
    1.9790280480157141e+00 1.1004570118781567e+01
    -1.2120602587305127e-01 -4.9642664259748909e-01
    -2.5874090979860109e+00 2.7781462241790251e+00
    3.5609847939186534e+00 1.1825941277116621e+01 2.6673390965536337e-01
    4.7381124153952958e-01 2.9758239403567979e+00 5.0043604015016818e+00
    1.9713656007077829e+00 1.2324396156509625e+01
    -4.5623171794201223e-01 -8.3351011024780797e-01
    -2.6249307756517086e+00 2.2770639100856456e+00
    2.8234872512255942e+00 9.3187548192872249e+00
    -4.6105551170990527e-01 -9.4033624688483231e-01
    -2.2039107371646125e+00 1.0389283878815458e+00
    2.4274320699297096e+00 9.7925916221076950e+00 2.7356125686910521e-01
    -6.1272878001564735e-01 -2.7570836655629165e+00
    2.8349689588104248e+00 4.3640918047269723e+00 1.2840683732180009e+01
    -4.0395596705121839e-01 -5.5700345752460034e-01
    -2.4329194640914236e+00 1.5504830837495267e+00
    3.5558320213745920e+00 1.1840875171177561e+01 2.1859824261477215e-01
    3.5420347394124074e-01 2.7978244761205162e+00 4.7698051650303013e+00
    1.9901492687654239e+00 1.3960177826498121e+01
    -1.3410767155664485e-01 -4.0305695277170095e-01
    -2.7736558018045936e+00 3.6794549160127770e+00
    4.4368528362736788e+00 1.4233271403665624e+01
    -3.8408580285246419e-01 -7.1425724879030150e-01
    -2.4993930402574112e+00 1.9170948148207605e+00
    2.4796756362540595e+00 1.0234209968589747e+01
    -7.4735840671724674e-01 -9.2613135352821563e-01
    -2.2420026603110177e+00 1.5186419468736592e+00
    2.2189201351625676e+00 1.0488089409567941e+01 3.8843677857799719e-01
    -5.1206054026644188e-01 -2.6588270632589603e+00
    2.8335527034153176e+00 4.0576805150415218e+00 1.1995700977588156e+01
    -1.3571650235387236e-01 -4.1040134266441619e-01
    -2.9489754233477505e+00 5.7476919312445540e+00
    3.6414034166653124e+00 1.4722039716099486e+01</data></Extrinsic_Parameters>
<Image_points type_id="opencv-matrix">
  <rows>13</rows>
  <cols>54</cols>
  <dt>"2f"</dt>
  <data>
    4.50483459e+02 3.15158356e+02 4.02223694e+02 3.13899170e+02
    3.55136627e+02 3.12710876e+02 3.09406769e+02 3.11487671e+02
    2.65185547e+02 3.10438751e+02 2.22155014e+02 3.09329010e+02
    1.80403305e+02 3.08211029e+02 1.39738113e+02 3.06929016e+02
    1.00510262e+02 3.05716522e+02 4.49449890e+02 2.69444916e+02
    4.02505981e+02 2.68812195e+02 3.56989655e+02 2.68360474e+02
    3.12543152e+02 2.67622070e+02 2.69721497e+02 2.67360840e+02
    2.28082169e+02 2.66657104e+02 1.87121048e+02 2.66261017e+02
    1.47599960e+02 2.65553436e+02 1.09555809e+02 2.65349762e+02
    4.48417542e+02 2.26460876e+02 4.02899902e+02 2.26426208e+02
    3.58616272e+02 2.26370300e+02 3.15651672e+02 2.26468994e+02
    2.74133972e+02 2.26580276e+02 2.33498734e+02 2.26699966e+02
    1.93898499e+02 2.26808517e+02 1.55380753e+02 2.26595535e+02
    1.17775589e+02 2.26526566e+02 4.47340393e+02 1.85863983e+02
    4.03446503e+02 1.86547455e+02 3.60430389e+02 1.87040848e+02
    3.18651123e+02 1.87638611e+02 2.78250397e+02 1.88246429e+02
    2.38669769e+02 1.88952271e+02 2.00049637e+02 1.89400818e+02
    1.62566666e+02 1.89699127e+02 1.25968353e+02 1.90299271e+02
    4.46369598e+02 1.47742355e+02 4.03612427e+02 1.49027969e+02
    3.61952484e+02 1.49817841e+02 3.21402069e+02 1.51331223e+02
    2.81927246e+02 1.52208221e+02 2.43496017e+02 1.53284485e+02
    2.05878922e+02 1.54162613e+02 1.69411789e+02 1.54708099e+02
    1.33718063e+02 1.55722900e+02 4.45431427e+02 1.12080620e+02
    4.03874390e+02 1.13486374e+02 3.63392151e+02 1.14605156e+02
    3.23860931e+02 1.16340446e+02 2.85561768e+02 1.17736565e+02
    2.48110168e+02 1.19162498e+02 2.11472366e+02 1.20589584e+02
    1.75770050e+02 1.22170647e+02 1.41070663e+02 1.23420967e+02
    4.49947205e+02 3.82301544e+02 4.09865875e+02 3.60058807e+02
    3.70811493e+02 3.38342896e+02 3.32726868e+02 3.17046417e+02
    2.95798309e+02 2.96463165e+02 2.59711823e+02 2.76378204e+02
    2.24573227e+02 2.56662781e+02 1.90325363e+02 2.37530884e+02
    1.56773972e+02 2.18735703e+02 4.67779907e+02 3.43071838e+02
    4.28636200e+02 3.21835510e+02 3.90306091e+02 3.01148560e+02
    3.52878082e+02 2.80707428e+02 3.16556427e+02 2.61264709e+02
    2.81193939e+02 2.42134445e+02 2.46409286e+02 2.23118256e+02
    2.12670013e+02 2.04698441e+02 1.79751083e+02 1.87147842e+02
    4.84846985e+02 3.05646149e+02 4.46502289e+02 2.85415039e+02
    4.08844696e+02 2.65494965e+02 3.72093811e+02 2.46301636e+02
    3.36420654e+02 2.27540985e+02 3.01516022e+02 2.09296021e+02
    2.67400146e+02 1.91324814e+02 2.34189117e+02 1.73581024e+02
    2.01626755e+02 1.56438553e+02 5.01217041e+02 2.69963043e+02
    4.63534790e+02 2.50650146e+02 4.26603973e+02 2.31597916e+02
    3.90425690e+02 2.13280075e+02 3.55411102e+02 1.95314789e+02
    3.21120209e+02 1.77792892e+02 2.87501587e+02 1.60590775e+02
    2.54785324e+02 1.43723862e+02 2.22722641e+02 1.27301697e+02
    5.16703979e+02 2.35983536e+02 4.79670929e+02 2.17573990e+02
    4.43524872e+02 1.99289764e+02 4.07951721e+02 1.81807800e+02
    3.73461700e+02 1.64525558e+02 3.39646271e+02 1.47846664e+02
    3.06567017e+02 1.31412384e+02 2.74427979e+02 1.15290909e+02
    2.42865097e+02 9.95366898e+01 5.31437622e+02 2.03642807e+02
    4.95187225e+02 1.86037674e+02 4.59610107e+02 1.68427719e+02
    4.24677307e+02 1.51548508e+02 3.90635834e+02 1.35346069e+02
    3.57438934e+02 1.19239334e+02 3.24796814e+02 1.03418961e+02
    2.93237000e+02 8.80869675e+01 2.62160614e+02 7.29779892e+01
    5.44310669e+02 3.03743622e+02 5.00716431e+02 3.08913483e+02
    4.57772003e+02 3.13861664e+02 4.15843689e+02 3.18686066e+02
    3.74954590e+02 3.23428680e+02 3.34847412e+02 3.28011200e+02
    2.95484741e+02 3.32514832e+02 2.57144806e+02 3.36833771e+02
    2.19426056e+02 3.41278839e+02 5.35453247e+02 2.62524780e+02
    4.93086853e+02 2.67794495e+02 4.51299988e+02 2.73205139e+02
    4.10328430e+02 2.78273163e+02 3.70419464e+02 2.83338043e+02
    3.31287567e+02 2.88314178e+02 2.92555511e+02 2.92947296e+02
    2.55085632e+02 2.97636749e+02 2.18384155e+02 3.02408936e+02
    5.27060974e+02 2.22908585e+02 4.85714600e+02 2.28549942e+02
    4.44866241e+02 2.34117310e+02 4.04749847e+02 2.39518555e+02
    3.65810791e+02 2.44796356e+02 3.27580444e+02 2.50209900e+02
    2.89910797e+02 2.55284958e+02 2.53224792e+02 2.60171722e+02
    2.17209732e+02 2.64955963e+02 5.19020813e+02 1.85114197e+02
    4.78565582e+02 1.91013138e+02 4.38678070e+02 1.96702927e+02
